id;mtotal;vms;clock;lastclocktime;stage
1;0.0;1;0;0;2
2;0.0;1;0;0;3
3;0.0;1;2;1;1
4;0.0;1;1;0;2
5;0.0;1;0;0;3
6;0.0;1;3;1;1
7;0.0;1;1;0;2
8;0.0;1;0;0;3
9;0.0;1;3;1;1
10;0.0;1;1;0;2
11;0.0;1;0;0;3
12;0.0;1;3;1;1
13;0.0;1;2;1;2
14;0.0;1;1;0;3
15;0.0;1;3;1;1
16;0.0;1;2;1;2
17;0.0;1;1;0;3
18;70.73;1;4;2;1
19;0.0;1;3;1;2
20;0.0;1;2;1;3
21;58.03;1;4;2;1
22;39.89;1;3;1;2
23;0.0;1;2;1;3
24;64.63;1;4;2;1
25;70.34;1;3;1;2
26;0.0;1;2;0;3
27;86.53;1;5;2;1
28;42.25;1;3;1;2
29;0.0;1;2;0;3
30;73.34;1;5;2;1
31;55.36;1;4;3;2
32;43.95;1;2;0;3
33;48.22;1;5;2;1
34;31.86;1;4;3;2
35;50.45;1;3;0;3
36;83.0;1;5;2;1
37;64.86;1;4;3;2
38;27.45;1;3;0;3
39;67.56;1;5;2;1
40;90.28;1;4;3;2
41;17.47;1;3;0;3
42;36.69;1;5;2;1
43;82.13;1;4;3;2
44;11.03;1;3;2;3
45;56.92;1;5;2;1
46;65.45;1;4;4;2
47;22.06;1;4;2;3
48;95.84;1;6;6;1
49;75.91;1;5;4;2
50;43.69;1;4;2;3
51;94.47;1;6;6;1
52;79.14;1;5;4;2
53;53.94;1;4;2;3
54;90.5;1;6;6;1
55;86.84;1;5;4;2
56;73.84;1;4;2;3
57;82.56;1;6;6;1
58;75.25;1;5;4;2
59;47.69;1;4;2;3
60;66.69;1;6;6;1
61;52.06;1;5;4;2
62;25.38;1;4;2;3
63;35.94;1;6;6;1
64;28.69;1;5;4;2
65;50.77;1;4;2;3
66;73.44;1;6;6;1
67;58.94;1;5;4;2
68;65.53;1;4;2;3
69;97.06;1;7;6;1
70;98.17;1;5;4;2
71;32.63;1;4;2;3
72;95.69;1;7;6;1
73;96.39;1;6;7;2
74;3.25;1;4;2;3
75;92.94;1;7;6;1
76;94.34;1;6;7;2
77;6.5;1;5;2;3
78;87.44;1;7;6;1
79;90.25;1;6;7;2
80;13.58;1;5;2;3
81;76.44;1;7;6;1
82;82.06;1;6;7;2
83;27.72;1;5;2;3
84;54.44;1;7;6;1
85;65.69;1;6;7;2
86;57.0;1;5;2;3
87;98.44;1;7;6;1
88;49.94;1;6;7;2
89;15.56;1;5;2;3
90;98.44;1;7;6;1
91;98.44;1;6;7;2
92;32.69;1;5;2;3
93;98.44;1;7;6;1
94;98.44;1;6;7;2
95;65.58;1;5;5;3
96;98.44;1;7;6;1
97;97.81;1;6;7;2
98;94.17;1;6;5;3
99;98.44;1;8;9;1
100;95.63;1;6;7;2
101;88.36;1;6;5;3
102;96.92;1;8;9;1
103;91.27;1;7;7;2
104;77.83;1;6;5;3
105;94.5;1;8;9;1
106;82.55;1;7;7;2
107;57.22;1;6;5;3
108;90.56;1;8;9;1
109;66.64;1;7;7;2
110;16.0;1;6;5;3
111;82.69;1;8;9;1
112;34.84;1;7;7;2
113;20.56;1;6;5;3
114;66.94;1;8;9;1
115;11.25;1;7;7;2
116;41.17;1;6;5;3
117;35.44;1;8;9;1
118;24.06;1;7;7;2
119;81.34;1;6;5;3
120;69.44;1;8;9;1
121;48.69;1;7;7;2
122;91.7;1;6;5;3
123;98.44;1;8;9;1
124;97.94;1;7;7;2
125;83.42;1;6;5;3
126;98.44;1;8;9;1
127;98.44;1;7;7;2
128;66.84;1;6;5;3
129;98.44;1;8;9;1
130;98.44;1;7;7;2
131;33.7;1;6;5;3
132;97.19;1;9;9;1
133;98.44;1;7;7;2
134;0.41;1;6;5;3
135;94.77;1;9;9;1
136;97.02;1;8;11;2
137;0.84;1;6;5;3
138;91.09;1;9;9;1
139;94.7;1;8;11;2
140;0.69;1;7;5;3
141;83.75;1;9;9;1
142;90.08;1;8;11;2
143;1.59;1;7;5;3
144;69.06;1;9;9;1
145;81.72;1;8;11;2
146;4.75;1;7;5;3
147;39.69;1;9;9;1
148;65.0;1;8;11;2
149;10.06;1;7;5;3
150;60.94;1;9;9;1
151;31.56;1;8;11;2
152;21.69;1;7;5;3
153;98.44;1;9;9;1
154;55.69;1;8;11;2
155;42.94;1;7;5;3
156;98.44;1;9;9;1
157;69.94;1;8;11;2
158;87.44;1;7;5;3
159;98.44;1;9;9;1
160;98.44;1;8;11;2
161;98.44;1;7;5;3
162;98.44;1;9;9;1
163;98.44;1;8;11;2
164;97.84;1;7;7;3
165;98.44;1;9;9;1
166;98.44;1;8;11;2
167;95.69;1;7;7;3
168;98.44;1;9;9;1
169;97.78;1;8;11;2
170;91.38;1;7;7;3
171;98.42;1;9;9;1
172;95.58;1;8;10;2
173;82.75;1;8;7;3
174;96.86;1;10;13;1
175;91.17;1;8;10;2
176;65.84;1;8;7;3
177;93.75;2;10;13;1
178;82.37;2;9;10;2
179;33.25;1;8;7;3
180;88.43;2;10;13;1
181;64.98;2;9;10;2
182;6.06;1;8;7;3
183;78.42;2;10;13;1
184;30.86;2;9;10;2
185;13.69;1;8;7;3
186;58.41;2;10;13;1
187;5.28;2;9;10;2
188;28.94;1;8;7;3
189;19.38;2;10;13;1
190;11.13;2;9;10;2
191;59.44;1;8;7;3
192;38.95;2;10;13;1
193;22.81;2;9;10;2
194;98.44;1;8;7;3
195;76.7;2;10;13;1
196;45.41;2;9;10;2
197;98.44;1;8;7;3
198;94.18;2;11;6;1
199;75.33;2;9;10;2
200;97.45;1;8;8;3
201;88.56;2;11;6;1
202;93.66;2;10;6;2
203;94.91;1;9;8;3
204;78.69;2;11;6;1
205;88.26;2;10;6;2
206;90.04;2;9;8;3
207;58.94;2;11;6;1
208;78.08;2;10;6;2
209;81.09;2;9;8;3
210;42.44;2;11;6;1
211;57.72;2;10;6;2
212;63.75;2;9;8;3
213;35.26;2;11;6;1
214;34.81;2;10;6;2
215;28.62;2;9;8;3
216;52.02;2;12;7;1
217;36.64;2;10;6;2
218;21.35;2;9;8;3
219;91.28;2;12;7;1
220;72.78;2;11;6;2
221;43.01;2;9;8;3
222;83.66;2;12;7;1
223;86.22;2;11;6;2
224;71.54;2;9;8;3
225;68.89;2;12;7;1
226;73.77;2;11;6;2
227;78.09;2;10;7;3
228;39.34;2;12;7;1
229;49.11;2;11;6;2
230;56.94;2;10;7;3
231;23.75;2;12;7;1
232;11.78;2;11;6;2
233;43.94;2;10;7;3
234;48.56;2;12;7;1
235;24.13;2;11;6;2
236;17.94;2;10;7;3
237;83.63;2;12;7;1
238;49.81;2;11;6;2
239;17.73;2;10;7;3
240;97.41;2;12;8;1
241;91.19;2;11;6;2
242;33.97;2;10;5;3
243;94.84;2;13;8;1
244;98.44;2;11;6;2
245;67.44;2;10;5;3
246;89.92;2;13;8;1
247;97.63;2;11;6;2
248;85.88;2;10;5;3
249;80.91;2;13;8;1
250;95.27;2;12;9;2
251;71.77;2;10;5;3
252;63.38;2;13;8;1
253;90.87;2;12;9;2
254;43.55;2;11;5;3
255;32.31;2;13;8;1
256;83.3;2;12;9;2
257;0.17;2;11;5;3
258;23.69;2;13;8;1
259;68.16;2;12;9;2
260;1.91;2;11;5;3
261;48.44;2;13;8;1
262;37.88;2;12;9;2
263;5.38;2;11;5;3
264;82.44;2;13;8;1
265;28.81;2;12;9;2
266;12.31;2;11;5;3
267;98.44;2;13;8;1
268;59.19;2;12;9;2
269;25.19;2;11;5;3
270;97.84;2;13;8;1
271;98.44;2;12;9;2
272;50.44;2;11;5;3
273;95.97;2;14;9;1
274;98.44;2;12;9;2
275;98.44;2;11;5;3
276;91.95;2;14;9;1
277;97.74;2;12;9;2
278;97.67;2;11;5;3
279;84.67;2;14;9;1
280;95.48;2;13;9;2
281;95.36;2;11;5;3
282;69.35;2;14;9;1
283;91.11;2;13;9;2
284;91.5;2;12;9;3
285;38.71;2;14;9;1
286;83.41;2;13;9;2
287;83.79;2;12;9;3
288;15.42;2;14;9;1
289;68.38;2;13;9;2
290;69.14;2;12;9;3
291;12.84;2;14;9;1
292;38.31;2;13;9;2
293;39.84;2;12;9;3
294;25.97;2;14;9;1
295;22.69;2;13;9;2
296;30.25;2;12;9;3
297;2.72;2;14;9;1
298;46.94;2;13;9;2
299;60.28;2;12;9;3
300;5.7;2;14;9;1
301;86.44;2;13;9;2
302;71.75;2;12;9;3
303;12.47;2;14;9;1
304;98.44;2;13;9;2
305;93.79;2;12;9;3
306;26.5;2;14;9;1
307;98.44;2;13;9;2
308;88.37;2;12;9;3
309;54.56;2;14;9;1
310;98.44;2;13;9;2
311;77.52;2;12;9;3
312;60.69;2;14;9;1
313;98.2;2;13;9;2
314;55.81;2;12;9;3
315;72.94;2;14;9;1
316;96.49;2;13;11;2
317;62.22;2;12;9;3
318;98.44;2;14;9;1
319;92.98;2;13;11;2
320;48.45;2;13;11;3
321;97.55;2;14;9;1
322;85.98;2;13;11;2
323;46.7;2;13;11;3
324;95.11;2;15;16;1
325;71.98;2;14;11;2
326;44.39;2;13;11;3
327;90.24;2;15;16;1
328;43.95;2;14;11;2
329;40.28;2;13;11;3
330;80.52;2;15;16;1
331;3.49;2;14;11;2
332;32.13;2;13;11;3
333;61.92;2;15;16;1
334;2.07;2;14;11;2
335;27.81;2;13;11;3
336;25.41;2;15;16;1
337;5.7;2;14;11;2
338;56.69;2;13;11;3
339;9.38;2;15;16;1
340;11.97;2;14;11;2
341;95.44;2;13;11;3
342;19.31;2;15;16;1
343;25.0;2;14;11;2
344;95.9;2;13;11;3
345;38.69;2;15;16;1
346;51.56;2;14;11;2
347;95.8;2;13;8;3
348;76.94;2;15;16;1
349;67.19;2;14;11;2
350;91.61;2;13;8;3
351;98.44;2;15;16;1
352;98.44;2;14;11;2
353;83.23;2;13;8;3
354;98.44;2;15;16;1
355;98.44;2;14;11;2
356;66.46;2;13;8;3
357;97.72;2;15;16;1
358;97.8;2;14;11;2
359;32.92;2;13;8;3
360;96.26;2;15;16;1
361;95.93;2;14;11;2
362;0.34;2;13;8;3
363;92.52;2;16;12;1
364;92.03;2;15;12;2
365;0.19;2;14;8;3
366;85.03;3;16;12;1
367;84.07;3;15;12;2
368;0.64;2;14;8;3
369;70.06;3;16;12;1
370;68.2;3;15;12;2
371;1.05;2;14;8;3
372;40.13;3;16;12;1
373;36.96;3;15;12;2
374;2.93;2;14;8;3
375;26.79;3;16;12;1
376;15.98;3;15;12;2
377;7.42;2;14;8;3
378;2.64;3;16;12;1
379;13.02;3;15;12;2
380;16.41;2;14;8;3
381;6.56;3;16;12;1
382;16.6;3;15;12;2
383;34.38;2;14;8;3
384;14.68;3;16;12;1
385;34.26;3;15;12;2
386;53.31;2;14;8;3
387;30.76;3;16;12;1
388;65.43;3;15;12;2
389;90.84;2;14;8;3
390;62.91;3;16;12;1
391;95.39;3;15;12;2
392;96.23;2;14;8;3
393;92.01;3;16;12;1
394;91.22;3;15;12;2
395;92.53;2;14;8;3
396;84.53;3;16;12;1
397;82.88;3;15;9;2
398;85.07;2;14;8;3
399;87.55;3;16;10;1
400;65.75;3;15;9;2
401;70.16;3;15;8;3
402;75.11;3;17;10;1
403;43.17;3;16;9;2
404;40.54;3;15;8;3
405;60.63;3;17;10;1
406;27.33;3;16;9;2
407;4.2;3;15;8;3
408;32.42;3;17;10;1
409;21.01;3;16;9;2
410;5.66;3;15;8;3
411;22.0;3;17;10;1
412;14.34;3;16;9;2
413;8.89;3;15;8;3
414;11.98;3;17;10;1
415;1.27;3;16;9;2
416;18.39;3;15;8;3
417;15.52;3;17;10;1
418;3.66;3;16;9;2
419;36.47;3;15;8;3
420;31.94;3;17;10;1
421;8.88;3;16;9;2
422;59.33;3;15;8;3
423;61.43;3;17;10;1
424;19.31;3;16;9;2
425;79.85;3;15;8;3
426;70.36;3;17;10;1
427;39.52;3;16;9;2
428;79.22;3;15;8;3
429;87.78;3;18;9;1
430;59.85;3;16;9;2
431;58.96;3;15;8;3
432;91.65;3;18;9;1
433;82.49;3;16;9;2
434;46.47;3;15;10;3
435;83.39;3;18;9;1
436;93.66;3;16;9;2
437;48.61;3;15;10;3
438;68.05;3;18;9;1
439;87.31;3;16;9;2
440;30.23;3;15;10;3
441;37.99;3;18;9;1
442;74.63;3;17;12;2
443;26.79;3;16;10;3
444;24.54;3;18;9;1
445;49.51;3;17;12;2
446;20.26;3;16;10;3
447;25.31;3;18;9;1
448;26.85;3;17;12;2
449;7.27;3;16;10;3
450;46.44;3;18;9;1
451;3.64;3;17;12;2
452;0.84;3;16;10;3
453;87.74;3;18;9;1
454;8.44;3;17;12;2
455;3.04;3;16;10;3
456;94.8;3;19;8;1
457;18.44;3;17;12;2
458;7.65;3;16;10;3
459;89.8;3;19;8;1
460;38.44;3;17;12;2
461;16.66;3;16;10;3
462;80.2;3;19;8;1
463;62.1;3;17;12;2
464;33.7;3;16;10;3
465;61.8;3;19;8;1
466;72.1;3;17;12;2
467;63.31;3;16;10;3
468;30.17;3;19;8;1
469;85.0;3;17;12;2
470;85.82;3;16;10;3
471;28.23;3;19;8;1
472;96.58;3;17;12;2
473;84.97;3;16;9;3
474;38.35;3;19;8;1
475;93.27;3;17;12;2
476;69.95;3;17;9;3
477;64.94;3;19;8;1
478;86.54;3;18;10;2
479;52.24;3;17;9;3
480;93.1;3;19;8;1
481;73.09;3;18;10;2
482;37.77;3;17;9;3
483;97.97;3;19;8;1
484;46.61;3;18;10;2
485;18.12;3;17;9;3
486;96.58;3;19;8;1
487;21.75;3;18;10;2
488;3.63;3;17;9;3
489;93.17;3;19;8;1
490;7.49;3;18;10;2
491;8.73;3;17;9;3
492;86.35;3;20;10;1
493;9.43;3;18;10;2
494;18.35;3;17;9;3
495;73.19;3;20;10;1
496;20.08;3;18;10;2
497;36.88;3;17;9;3
498;47.27;3;20;10;1
499;40.73;3;18;10;2
500;56.71;3;17;9;3
501;25.77;3;20;10;1
502;55.17;3;18;10;2
503;76.47;3;17;9;3
504;12.44;3;20;10;1
505;77.39;3;18;10;2
506;86.28;3;17;9;3
507;26.1;3;20;10;1
508;92.15;3;18;10;2
509;77.9;3;17;9;3
510;53.44;3;20;10;1
511;93.07;3;18;10;2
512;55.8;3;17;9;3
513;76.77;3;20;10;1
514;86.39;3;19;11;2
515;36.94;3;18;9;3
516;98.05;3;20;10;1
517;72.79;3;19;11;2
518;12.55;3;18;9;3
519;96.99;3;20;10;1
520;57.77;3;19;11;2
521;0.17;3;18;9;3
522;94.06;3;20;10;1
523;49.7;3;19;11;2
524;0.85;3;18;9;3
525;88.13;3;20;10;1
526;33.96;3;19;11;2
527;2.51;3;18;9;3
528;76.27;4;21;11;1
529;19.81;3;19;11;2
530;5.9;3;18;9;3
531;52.63;4;21;11;1
532;24.85;3;19;11;2
533;13.02;3;18;9;3
534;30.56;4;21;11;1
535;50.94;3;19;11;2
536;27.32;3;18;9;3
537;4.9;4;21;11;1
538;69.77;3;19;11;2
539;51.65;3;18;9;3
540;5.84;4;21;11;1
541;87.44;3;19;11;2
542;70.3;3;18;9;3
543;12.91;4;21;11;1
544;98.06;3;19;11;2
545;89.61;3;18;9;3
546;26.71;4;21;11;1
547;96.65;3;19;11;2
548;79.91;3;18;9;3
549;49.13;4;21;11;1
550;93.77;3;19;11;2
551;59.82;3;18;9;3
552;78.98;4;21;11;1
553;87.54;4;20;12;2
554;37.97;3;19;9;3
555;87.1;4;21;11;1
556;75.1;4;20;12;2
557;11.29;3;19;9;3
558;87.27;4;21;11;1
559;50.52;4;20;12;2
560;0.95;3;19;9;3
561;74.55;4;21;11;1
562;25.48;4;20;12;2
563;1.77;3;19;9;3
564;49.11;4;22;11;1
565;18.57;4;20;12;2
566;3.9;3;19;9;3
567;32.22;4;22;11;1
568;8.23;4;20;12;2
569;8.82;3;19;9;3
570;18.11;4;22;11;1
571;17.28;4;20;12;2
572;18.86;3;19;9;3
573;11.25;4;22;11;1
574;34.76;4;20;12;2
575;38.54;3;19;9;3
576;2.78;4;22;11;1
577;50.35;4;20;12;2
578;54.46;3;19;9;3
579;6.74;4;22;11;1
580;72.83;4;20;12;2
581;76.15;3;19;9;3
582;14.8;4;22;11;1
583;86.28;4;20;12;2
584;86.79;3;19;9;3
585;30.64;4;22;11;1
586;81.95;4;20;12;2
587;86.58;3;19;9;3
588;51.36;4;22;11;1
589;64.1;4;20;12;2
590;73.17;3;19;11;3
591;68.87;4;22;11;1
592;51.7;4;21;12;2
593;51.68;4;20;11;3
594;87.75;4;22;11;1
595;33.91;4;21;12;2
596;36.37;4;20;11;3
597;84.01;4;23;10;1
598;28.1;4;21;12;2
599;16.22;4;20;11;3
600;68.03;4;23;10;1
601;16.85;4;21;12;2
602;0.84;4;20;11;3
603;37.06;4;23;10;1
604;8.85;4;21;12;2
605;2.36;4;20;11;3
606;21.42;4;23;10;1
607;5.72;4;21;12;2
608;5.68;4;20;11;3
609;1.49;4;23;10;1
610;12.22;4;21;12;2
611;11.65;4;20;11;3
612;2.63;4;23;10;1
613;25.07;4;21;12;2
614;23.09;4;20;11;3
615;5.62;4;23;10;1
616;32.78;4;21;12;2
617;37.95;4;20;11;3
618;11.77;4;23;10;1
619;41.23;4;21;12;2
620;50.94;4;20;11;3
621;24.07;4;23;10;1
622;58.0;4;21;12;2
623;58.77;4;20;11;3
624;29.5;4;23;10;1
625;67.54;4;21;12;2
626;55.78;4;20;11;3
627;34.67;4;23;10;1
628;70.04;4;21;12;2
629;45.71;4;20;11;3
630;45.02;4;23;10;1
631;68.04;4;21;12;2
632;41.43;4;20;11;3
633;52.71;4;23;10;1
634;64.23;4;21;12;2
635;32.86;4;20;11;3
636;56.6;4;23;10;1
637;53.46;4;21;12;2
638;16.12;4;20;11;3
639;63.59;4;23;10;1
640;39.93;4;21;12;2
641;7.24;4;20;11;3
642;72.54;4;23;10;1
643;29.6;4;21;12;2
644;14.48;4;20;11;3
645;70.09;4;23;10;1
646;13.21;4;21;12;2
647;3.6;4;20;11;3
648;64.92;4;23;10;1
649;13.18;4;22;19;2
650;7.6;4;20;11;3
651;54.6;4;24;16;1
652;0.18;4;22;19;2
653;15.34;4;20;11;3
654;34.42;4;24;16;1
655;0.75;4;22;19;2
656;6.07;4;20;11;3
657;12.73;4;24;16;1
658;1.93;4;22;19;2
659;12.05;4;20;11;3
660;2.41;4;24;16;1
661;4.65;4;22;19;2
662;24.1;4;20;11;3
663;5.11;4;24;16;1
664;10.2;4;22;19;2
665;22.71;4;20;11;3
666;11.32;4;24;16;1
667;21.2;4;22;19;2
668;20.19;4;20;11;3
669;23.61;4;24;16;1
670;39.01;4;22;19;2
671;15.38;4;21;25;3
672;34.33;4;24;16;1
673;53.62;4;22;19;2
674;5.54;4;21;25;3
675;44.58;4;24;16;1
676;64.52;4;22;19;2
677;1.03;4;21;25;3
678;61.19;4;24;16;1
679;79.11;4;22;19;2
680;2.71;4;21;25;3
681;72.61;4;24;16;1
682;85.05;4;22;19;2
683;6.08;4;21;25;3
684;74.79;4;24;16;1
685;70.12;4;23;11;2
686;13.15;4;21;25;3
687;71.33;4;24;16;1
688;53.54;4;23;11;2
689;27.37;4;21;25;3
690;54.91;4;25;13;1
691;37.13;4;23;11;2
692;52.7;4;21;25;3
693;35.33;4;25;13;1
694;24.42;4;23;11;2
695;76.98;4;21;25;3
696;20.67;4;25;13;1
697;12.66;4;23;11;2
698;80.72;4;21;25;3
699;10.34;4;25;13;1
700;5.27;4;23;11;2
701;70.95;4;22;9;3
702;1.08;4;25;13;1
703;10.97;4;23;11;2
704;46.16;4;22;9;3
705;2.63;4;25;13;1
706;20.15;4;23;11;2
707;24.07;4;22;9;3
708;5.54;4;25;13;1
709;38.87;4;23;11;2
710;3.17;4;22;9;3
711;11.98;4;25;13;1
712;52.98;4;23;11;2
713;1.25;4;22;9;3
714;25.2;4;25;13;1
715;70.62;4;23;11;2
716;3.29;4;22;9;3
717;35.71;4;25;13;1
718;81.53;4;23;11;2
719;6.93;4;22;9;3
720;46.85;4;25;13;1
721;88.83;4;23;11;2
722;15.16;4;22;9;3
723;64.99;4;25;13;1
724;84.05;4;23;11;2
725;30.59;4;22;9;3
726;80.73;4;25;13;1
727;68.26;5;24;14;2
728;44.63;4;22;9;3
729;88.3;4;25;13;1
730;57.18;5;24;14;2
731;62.64;4;22;9;3
732;80.6;4;25;13;1
733;39.79;5;24;14;2
734;75.04;4;22;9;3
735;61.45;4;25;13;1
736;29.65;5;24;14;2
737;64.09;4;23;11;3
738;47.91;5;26;15;1
739;10.1;5;24;14;2
740;45.19;4;23;11;3
741;29.34;5;26;15;1
742;11.83;5;24;14;2
743;24.39;4;23;11;3
744;11.18;5;26;15;1
745;14.96;5;24;14;2
746;4.55;4;23;11;3
747;0.29;5;26;15;1
748;19.75;5;24;14;2
749;1.25;4;23;11;3
750;0.91;5;26;15;1
751;29.09;5;24;14;2
752;2.86;4;23;11;3
753;2.45;5;26;15;1
754;38.57;5;24;14;2
755;6.25;4;23;11;3
756;5.3;5;26;15;1
757;42.63;5;24;14;2
758;12.73;4;23;11;3
759;10.57;5;26;15;1
760;45.49;5;24;14;2
761;25.37;4;23;11;3
762;22.0;5;26;15;1
763;40.48;5;24;14;2
764;33.96;4;23;11;3
765;33.0;5;26;15;1
766;40.68;5;24;14;2
767;43.02;4;23;11;3
768;46.33;5;26;15;1
769;44.32;5;24;14;2
770;48.33;4;23;11;3
771;53.24;5;26;15;1
772;38.04;5;25;14;2
773;47.45;4;23;11;3
774;55.31;5;26;15;1
775;31.29;5;25;14;2
776;48.84;4;23;11;3
777;62.32;5;26;15;1
778;22.62;5;25;14;2
779;54.99;4;23;11;3
780;56.7;5;26;15;1
781;13.77;5;25;14;2
782;48.25;4;23;11;3
783;49.23;5;26;15;1
784;7.98;5;25;14;2
785;41.5;4;23;16;3
786;38.27;5;27;16;1
787;6.71;5;25;14;2
788;32.75;5;24;16;3
789;27.15;5;27;16;1
790;13.59;5;25;14;2
791;15.0;5;24;16;3
792;14.1;5;27;16;1
793;27.72;5;25;14;2
794;2.63;5;24;16;3
795;9.01;5;27;16;1
796;41.55;5;25;14;2
797;1.07;5;24;16;3
798;1.23;5;27;16;1
799;49.15;5;25;14;2
800;1.92;5;24;16;3
801;1.18;5;27;16;1
802;58.94;5;25;14;2
803;4.34;5;24;16;3
804;2.6;5;27;16;1
805;56.68;5;25;14;2
806;9.08;5;24;16;3
807;5.03;5;27;16;1
808;52.38;5;25;14;2
809;19.73;5;24;16;3
810;10.44;5;27;16;1
811;44.72;5;25;14;2
812;33.08;5;24;16;3
813;21.25;5;27;16;1
814;43.43;5;25;14;2
815;46.96;5;24;16;3
816;29.73;5;27;16;1
817;32.48;5;25;14;2
818;61.06;5;24;16;3
819;38.99;5;27;16;1
820;23.95;5;26;16;2
821;73.32;5;24;16;3
822;38.23;5;27;16;1
823;22.71;5;26;16;2
824;83.23;5;24;16;3
825;37.41;5;27;16;1
826;5.22;5;26;16;2
827;66.87;5;24;16;3
828;37.65;5;27;16;1
829;0.56;5;26;16;2
830;56.45;5;24;16;3
831;40.12;5;27;16;1
832;1.66;5;26;16;2
833;35.62;5;24;16;3
834;40.36;5;27;16;1
835;4.02;5;26;16;2
836;11.55;5;24;16;3
837;46.45;5;27;16;1
838;9.35;5;26;16;2
839;23.42;5;24;16;3
840;50.9;5;28;17;1
841;20.06;5;26;16;2
842;22.88;5;24;16;3
843;41.41;5;28;17;1
844;40.91;5;26;16;2
845;19.35;5;25;19;3
846;29.31;5;28;17;1
847;62.85;5;26;16;2
848;18.51;5;25;19;3
849;18.93;5;28;17;1
850;78.66;5;26;16;2
851;17.27;5;25;19;3
852;5.79;5;28;17;1
853;87.12;5;26;16;2
854;14.7;5;25;19;3
855;3.55;5;28;17;1
856;78.05;5;26;16;2
857;9.58;5;25;19;3
858;7.4;5;28;17;1
859;56.1;5;26;16;2
860;4.99;5;25;19;3
861;15.08;5;28;17;1
862;35.41;5;27;12;2
863;10.71;5;25;19;3
864;24.83;5;28;17;1
865;18.21;5;27;12;2
866;21.64;5;25;19;3
867;29.78;5;28;17;1
868;0.65;5;27;12;2
869;27.57;5;25;19;3
870;39.39;5;28;17;1
871;1.22;5;27;12;2
872;32.49;5;25;19;3
873;42.62;5;28;17;1
874;1.95;5;27;12;2
875;41.26;5;25;19;3
876;40.69;5;28;17;1
877;4.4;5;27;12;2
878;42.75;5;25;19;3
879;38.21;5;28;17;1
880;9.4;5;27;12;2
881;39.19;5;25;19;3
882;34.13;5;28;17;1
883;19.83;5;27;12;2
884;38.29;5;25;19;3
885;35.78;5;28;17;1
886;26.55;5;27;12;2
887;32.8;5;25;19;3
888;31.39;5;28;17;1
889;34.35;5;27;12;2
890;30.41;5;26;15;3
891;35.0;5;29;18;1
892;49.73;5;27;12;2
893;30.65;5;26;15;3
894;27.86;5;29;18;1
895;68.86;5;27;12;2
896;21.34;5;26;15;3
897;16.04;5;29;18;1
898;74.07;5;27;12;2
899;12.22;5;26;15;3
900;12.45;5;29;18;1
901;81.59;5;27;12;2
902;4.55;5;26;15;3
903;4.96;5;29;18;1
904;68.4;5;27;12;2
905;8.42;5;26;15;3
906;8.34;5;29;18;1
907;56.81;6;28;15;2
908;16.26;5;26;15;3
909;17.07;5;29;18;1
910;35.02;6;28;15;2
911;17.63;5;26;15;3
912;30.87;5;29;18;1
913;18.55;6;28;15;2
914;20.37;5;26;15;3
915;42.81;5;29;18;1
916;2.64;6;28;15;2
917;19.15;5;26;15;3
918;49.47;5;29;18;1
919;2.09;6;28;15;2
920;18.11;5;26;15;3
921;58.08;5;29;18;1
922;3.9;6;28;15;2
923;15.63;5;26;15;3
924;64.47;5;29;18;1
925;8.05;6;28;15;2
926;17.11;5;26;15;3
927;65.76;5;29;18;1
928;16.45;6;28;15;2
929;14.33;5;26;15;3
930;59.84;5;29;18;1
931;26.02;6;28;15;2
932;8.79;5;26;15;3
933;51.03;5;29;18;1
934;31.11;6;28;15;2
935;4.79;5;26;15;3
936;48.08;5;29;18;1
937;36.9;6;28;15;2
938;9.92;5;26;15;3
939;35.97;5;30;15;1
940;40.84;6;28;15;2
941;19.89;5;26;15;3
942;26.15;6;30;15;1
943;40.2;6;28;15;2
944;23.82;5;26;15;3
945;12.96;6;30;15;1
946;45.86;6;28;15;2
947;27.37;5;26;15;3
948;6.0;6;30;15;1
949;41.5;6;28;15;2
950;34.35;5;26;15;3
951;3.13;6;30;15;1
952;36.54;6;28;15;2
953;29.13;5;26;22;3
954;5.98;6;30;15;1
955;28.91;6;28;15;2
956;24.08;5;27;22;3
957;11.91;6;30;15;1
958;23.83;5;29;15;2
959;20.01;5;27;22;3
960;23.17;6;30;15;1
961;14.18;5;29;15;2
962;12.01;5;27;22;3
963;29.36;6;30;15;1
964;9.41;5;29;15;2
965;4.04;5;27;22;3
966;27.56;6;30;15;1
967;1.97;5;29;15;2
968;7.67;5;27;22;3
969;21.46;6;30;15;1
970;1.62;5;29;15;2
971;14.67;5;27;22;3
972;9.24;6;30;15;1
973;3.37;5;29;15;2
974;28.66;5;27;22;3
975;0.66;6;30;15;1
976;6.97;5;29;15;2
977;41.86;5;27;22;3
978;0.48;6;30;15;1
979;14.45;5;29;15;2
980;47.22;5;27;22;3
981;0.51;6;30;15;1
982;26.35;5;29;15;2
983;54.73;5;27;22;3
984;0.95;6;30;15;1
985;33.15;5;29;15;2
986;46.68;5;27;22;3
987;1.66;6;30;15;1
988;45.39;5;29;15;2
989;45.97;5;27;22;3
990;3.63;6;30;15;1
991;51.64;5;29;15;2
992;45.94;6;28;11;3
993;7.52;6;30;15;1
994;63.91;5;29;15;2
995;31.99;6;28;11;3
996;14.96;6;30;15;1
997;70.12;5;29;15;2
998;19.68;6;28;11;3
999;17.19;6;30;15;1
1000;73.67;5;29;15;2
1001;9.15;6;28;11;3
1002;17.29;6;30;15;1
1003;67.45;5;29;15;2
1004;4.4;6;28;11;3
1005;17.45;6;30;15;1
1006;65.51;5;29;15;2
1007;9.33;6;28;11;3
1008;15.9;6;30;15;1
1009;50.82;5;29;17;2
1010;18.44;6;28;11;3
1011;14.89;6;30;15;1
1012;36.05;5;29;17;2
1013;30.67;6;28;11;3
1014;13.35;6;30;15;1
1015;27.1;5;29;17;2
1016;42.02;6;28;11;3
1017;10.08;6;30;15;1
1018;13.61;5;29;17;2
1019;47.27;6;28;11;3
1020;15.58;6;30;15;1
1021;7.03;5;29;17;2
1022;36.76;6;28;11;3
1023;18.59;6;30;15;1
1024;0.48;5;29;17;2
1025;27.77;6;29;11;3
1026;15.72;6;30;15;1
1027;0.55;5;29;17;2
1028;26.2;6;29;11;3
1029;14.61;6;30;15;1
1030;0.51;5;29;17;2
1031;23.77;6;29;11;3
1032;13.89;6;31;31;1
1033;0.42;5;29;17;2
1034;14.36;6;29;11;3
1035;14.29;6;31;31;1
1036;0.45;4;30;17;2
1037;4.58;6;29;11;3
1038;11.59;6;31;31;1
1039;0.3;4;30;17;2
1040;5.5;6;29;11;3
1041;6.73;6;31;31;1
1042;0.2;4;30;17;2
1043;6.54;6;29;11;3
1044;1.07;6;31;31;1
1045;0.54;4;30;17;2
1046;13.13;6;29;11;3
1047;1.89;6;31;31;1
1048;1.62;4;30;17;2
1049;23.69;6;29;11;3
1050;3.88;6;31;31;1
1051;3.82;4;30;17;2
1052;27.49;6;29;11;3
1053;7.53;6;31;31;1
1054;8.37;4;30;17;2
1055;21.88;6;29;11;3
1056;14.74;6;31;31;1
1057;17.66;4;30;17;2
1058;11.87;6;29;11;3
1059;15.49;6;31;31;1
1060;36.5;4;30;17;2
1061;11.11;6;29;11;3
1062;14.08;6;31;31;1
1063;52.17;4;30;17;2
1064;20.21;6;29;11;3
1065;11.91;6;31;31;1
1066;58.66;4;30;17;2
1067;24.08;6;29;11;3
1068;7.59;6;31;31;1
1069;68.45;4;30;17;2
1070;30.76;6;29;11;3
1071;9.02;6;31;31;1
1072;75.81;4;30;17;2
1073;36.27;6;29;11;3
1074;18.06;6;31;31;1
1075;77.63;4;30;17;2
1076;33.37;6;29;17;3
1077;25.76;6;31;31;1
1078;80.97;4;30;17;2
1079;31.91;6;29;17;3
1080;34.88;6;31;31;1
1081;87.34;4;30;17;2
1082;21.84;6;29;17;3
1083;43.83;6;31;31;1
1084;75.07;4;30;17;2
1085;12.67;6;29;17;3
1086;39.01;6;31;31;1
1087;62.02;4;30;17;2
1088;8.35;6;29;17;3
1089;34.86;6;31;31;1
1090;49.29;4;30;17;2
1091;0.21;6;29;17;3
1092;36.33;6;31;31;1
1093;34.59;4;30;19;2
1094;0.42;6;30;17;3
1095;32.04;6;31;31;1
1096;22.92;4;30;19;2
1097;0.34;6;30;17;3
1098;30.74;6;31;31;1
1099;20.85;4;30;19;2
1100;0.4;6;30;17;3
1101;24.65;7;32;22;1
1102;16.45;3;31;19;2
1103;1.32;6;30;17;3
1104;15.82;7;32;22;1
1105;8.06;3;31;19;2
1106;2.66;6;30;17;3
1107;9.3;7;32;22;1
1108;0.95;3;31;19;2
1109;5.49;6;30;17;3
1110;1.61;7;32;22;1
1111;2.09;3;31;19;2
1112;10.96;6;30;17;3
1113;0.24;7;32;22;1
1114;5.23;3;31;19;2
1115;21.43;6;30;17;3
1116;0.6;7;32;22;1
1117;11.26;3;31;19;2
1118;29.2;6;30;17;3
1119;1.06;7;32;22;1
1120;23.94;3;31;19;2
1121;24.91;6;30;17;3
1122;2.37;7;32;22;1
1123;38.45;3;31;19;2
1124;16.32;6;30;17;3
1125;5.08;7;32;22;1
1126;57.46;3;31;19;2
1127;11.18;6;30;17;3
1128;10.3;7;32;22;1
1129;72.48;3;31;19;2
1130;2.55;6;30;17;3
1131;20.57;7;32;22;1
1132;79.52;3;31;19;2
1133;4.47;6;30;17;3
1134;33.55;7;32;22;1
1135;93.94;3;31;19;2
1136;8.85;6;30;17;3
1137;40.26;7;32;22;1
1138;98.44;3;31;19;2
1139;17.91;6;30;17;3
1140;37.6;7;32;22;1
1141;98.44;3;31;19;2
1142;25.68;6;30;17;3
1143;35.95;7;32;22;1
1144;98.44;3;31;19;2
1145;27.73;6;30;17;3
1146;35.98;7;32;22;1
1147;98.44;3;31;19;2
1148;22.07;6;30;17;3
1149;37.0;7;32;22;1
1150;98.44;3;31;19;2
1151;20.77;6;30;17;3
1152;38.72;7;33;17;1
1153;98.44;3;31;19;2
1154;26.72;6;30;19;3
1155;30.44;8;33;17;1
1156;98.35;3;31;19;2
1157;28.77;6;30;19;3
1158;18.65;8;33;17;1
1159;97.67;3;31;19;2
1160;23.7;6;30;19;3
1161;8.36;8;33;17;1
1162;95.87;3;31;19;2
1163;13.9;6;30;19;3
1164;2.05;8;33;17;1
1165;92.27;3;31;19;2
1166;9.48;6;30;19;3
1167;2.67;8;33;17;1
1168;85.06;3;31;19;2
1169;0.3;6;30;19;3
1170;5.87;8;33;17;1
1171;70.44;3;31;19;2
1172;0.1;6;30;19;3
1173;11.93;8;33;17;1
1174;46.57;3;32;24;2
1175;0.21;7;31;19;3
1176;19.72;8;33;17;1
1177;30.8;3;32;24;2
1178;0.25;7;31;19;3
1179;26.82;8;33;17;1
1180;28.08;3;32;24;2
1181;0.41;7;31;19;3
1182;33.15;8;33;17;1
1183;23.03;3;32;24;2
1184;0.87;7;31;19;3
1185;29.56;8;33;17;1
1186;12.57;3;32;24;2
1187;1.86;7;31;19;3
1188;15.88;8;33;17;1
1189;5.66;3;32;24;2
1190;3.86;7;31;19;3
1191;4.01;8;33;17;1
1192;11.6;3;32;24;2
1193;7.42;7;31;19;3
1194;0.51;8;33;17;1
1195;24.77;3;32;24;2
1196;14.84;7;31;19;3
1197;1.17;8;33;17;1
1198;41.77;3;32;24;2
1199;25.49;7;31;19;3
1200;2.35;8;33;17;1
1201;51.44;3;32;24;2
1202;26.68;7;31;19;3
1203;4.78;8;33;17;1
1204;71.1;3;32;24;2
1205;25.26;7;31;19;3
1206;9.55;8;33;17;1
1207;89.44;3;32;24;2
1208;20.8;7;31;19;3
1209;18.81;8;33;17;1
1210;98.44;3;32;24;2
1211;24.25;7;31;19;3
1212;22.93;8;33;17;1
1213;98.44;3;32;24;2
1214;30.87;7;31;19;3
1215;20.48;8;34;22;1
1216;98.44;3;32;24;2
1217;36.89;7;31;19;3
1218;16.09;8;34;22;1
1219;98.24;3;32;24;2
1220;38.21;7;31;19;3
1221;19.27;8;34;22;1
1222;97.53;3;32;24;2
1223;18.86;7;31;18;3
1224;16.02;8;34;22;1
1225;96.03;3;32;24;2
1226;11.01;7;31;18;3
1227;10.89;8;34;22;1
1228;92.58;3;32;24;2
1229;7.46;7;31;18;3
1230;11.13;8;34;22;1
1231;85.21;3;32;24;2
1232;0.2;7;31;18;3
1233;22.36;8;34;22;1
1234;70.46;3;33;24;2
1235;0.12;6;32;18;3
1236;36.72;8;34;22;1
1237;53.26;3;33;24;2
1238;0.25;6;32;18;3
1239;36.52;8;34;22;1
1240;40.13;3;33;24;2
1241;0.37;6;32;18;3
1242;33.54;8;34;22;1
1243;19.58;3;33;24;2
1244;0.17;6;32;18;3
1245;29.39;8;34;22;1
1246;6.73;3;33;24;2
1247;0.56;6;32;18;3
1248;20.49;8;34;22;1
1249;12.35;3;33;24;2
1250;1.23;6;32;18;3
1251;10.35;8;34;22;1
1252;23.6;3;33;24;2
1253;2.48;6;32;18;3
1254;4.44;8;34;22;1
1255;48.44;3;33;24;2
1256;5.48;6;32;18;3
1257;4.33;8;34;22;1
1258;80.1;3;33;24;2
1259;10.97;6;32;18;3
1260;8.55;8;34;22;1
1261;98.44;3;33;24;2
1262;22.52;6;32;18;3
1263;13.35;9;35;20;1
1264;98.44;3;33;24;2
1265;31.38;6;32;18;3
1266;13.83;9;35;20;1
1267;98.44;3;33;24;2
1268;38.34;6;32;18;3
1269;12.45;9;35;20;1
1270;98.44;3;33;24;2
1271;43.33;6;32;18;3
1272;9.13;9;35;20;1
1273;98.44;3;33;24;2
1274;43.42;6;32;18;3
1275;6.24;9;35;20;1
1276;98.44;3;33;24;2
1277;43.55;6;32;18;3
1278;4.51;9;35;20;1
1279;98.44;3;33;24;2
1280;38.94;6;32;18;3
1281;9.16;9;35;20;1
1282;98.44;3;33;24;2
1283;34.73;6;32;18;3
1284;18.27;9;35;20;1
1285;98.44;3;33;24;2
1286;21.46;6;32;17;3
1287;26.07;9;35;20;1
1288;98.44;3;33;24;2
1289;11.77;6;32;17;3
1290;29.63;9;35;20;1
1291;97.86;3;33;24;2
1292;6.71;6;32;17;3
1293;28.8;9;35;20;1
1294;96.24;3;33;24;2
1295;0.43;6;32;17;3
1296;24.45;9;35;20;1
1297;92.95;3;33;24;2
1298;0.53;6;32;17;3
1299;26.25;9;35;20;1
1300;85.91;3;33;24;2
1301;0.56;6;32;17;3
1302;28.01;9;35;20;1
1303;71.82;4;34;24;2
1304;0.45;5;33;17;3
1305;28.91;9;35;20;1
1306;43.64;4;34;24;2
1307;0.57;5;33;17;3
1308;26.72;9;35;20;1
1309;24.48;4;34;24;2
1310;0.67;5;33;17;3
1311;19.12;9;35;20;1
1312;16.03;4;34;24;2
1313;0.87;5;33;17;3
1314;12.46;9;35;20;1
1315;2.51;4;34;24;2
1316;1.72;5;33;17;3
1317;2.37;9;35;20;1
1318;5.8;4;34;24;2
1319;3.54;5;33;17;3
1320;0.41;9;35;20;1
1321;12.28;4;34;24;2
1322;7.71;5;33;17;3
1323;0.27;9;35;20;1
1324;25.74;4;34;24;2
1325;15.86;5;33;17;3
1326;0.34;9;35;20;1
1327;40.04;4;34;24;2
1328;20.13;5;33;17;3
1329;0.35;9;36;23;1
1330;56.14;4;34;24;2
1331;28.72;5;33;17;3
1332;0.39;9;36;23;1
1333;64.34;4;34;24;2
1334;38.07;5;33;17;3
1335;0.37;9;36;23;1
1336;79.75;4;34;24;2
1337;49.08;5;33;17;3
1338;0.64;9;36;23;1
1339;86.31;4;34;24;2
1340;58.97;5;33;17;3
1341;1.63;9;36;23;1
1342;98.44;4;34;24;2
1343;65.34;5;33;17;3
1344;3.11;9;36;23;1
1345;98.25;4;34;24;2
1346;65.6;5;33;17;3
1347;6.05;9;36;23;1
1348;97.67;4;34;24;2
1349;64.07;5;33;17;3
1350;10.48;9;36;23;1
1351;96.32;4;34;24;2
1352;49.35;5;33;16;3
1353;19.34;9;36;23;1
1354;93.4;4;34;24;2
1355;38.5;5;33;16;3
1356;24.3;9;36;23;1
1357;87.57;4;34;24;2
1358;25.2;5;33;16;3
1359;26.55;9;36;23;1
1360;75.53;4;34;24;2
1361;11.4;5;33;16;3
1362;26.69;9;36;23;1
1363;63.06;5;35;21;2
1364;2.4;4;34;16;3
1365;22.35;9;36;23;1
1366;51.12;5;35;21;2
1367;0.21;4;34;16;3
1368;21.18;9;36;23;1
1369;40.03;5;35;21;2
1370;0.24;4;34;16;3
1371;18.26;9;36;23;1
1372;31.33;5;35;21;2
1373;0.28;4;34;16;3
1374;25.08;9;36;23;1
1375;14.1;5;35;21;2
1376;0.62;4;34;16;3
1377;24.73;9;36;23;1
1378;4.89;5;35;21;2
1379;1.23;4;34;16;3
1380;18.46;9;36;23;1
1381;10.8;5;35;21;2
1382;2.65;4;34;16;3
1383;10.15;9;36;23;1
1384;22.92;5;35;21;2
1385;5.92;4;34;16;3
1386;3.86;9;36;23;1
1387;44.81;5;35;21;2
1388;12.27;4;34;16;3
1389;0.29;9;36;23;1
1390;57.5;5;35;21;2
1391;24.96;4;34;16;3
1392;0.36;9;36;23;1
1393;72.18;5;35;21;2
1394;34.96;4;34;16;3
1395;0.5;9;37;25;1
1396;85.11;5;35;21;2
1397;46.38;4;34;16;3
1398;0.59;9;37;25;1
1399;93.07;5;35;21;2
1400;66.18;4;34;16;3
1401;0.97;9;37;25;1
1402;89.18;5;35;21;2
1403;78.03;4;34;16;3
1404;2.01;9;37;25;1
1405;78.61;5;35;21;2
1406;81.76;4;34;16;3
1407;4.3;9;37;25;1
1408;62.08;5;35;21;2
1409;89.03;4;34;16;3
1410;8.51;9;37;25;1
1411;48.78;5;36;18;2
1412;79.95;4;34;16;3
1413;16.95;9;37;25;1
1414;37.36;6;36;18;2
1415;66.89;4;34;16;3
1416;25.3;9;37;25;1
1417;20.52;6;36;18;2
1418;58.79;4;34;16;3
1419;28.22;9;37;25;1
1420;13.32;6;36;18;2
1421;42.58;4;34;16;3
1422;24.2;9;37;25;1
1423;10.12;6;36;18;2
1424;24.67;3;35;23;3
1425;16.18;9;37;25;1
1426;4.14;6;36;18;2
1427;16.59;3;35;23;3
1428;9.49;9;37;25;1
1429;8.21;6;36;18;2
1430;7.82;3;35;23;3
1431;9.43;9;37;25;1
1432;16.85;6;36;18;2
1433;1.16;3;35;23;3
1434;7.42;9;37;25;1
1435;21.49;6;36;18;2
1436;2.92;3;35;23;3
1437;3.07;9;37;25;1
1438;25.51;6;36;18;2
1439;6.71;3;35;23;3
1440;0.5;9;37;25;1
1441;33.87;6;36;18;2
1442;14.32;3;35;23;3
1443;0.96;9;37;25;1
1444;36.76;6;36;18;2
1445;29.54;3;35;23;3
1446;1.54;9;37;25;1
1447;40.73;6;36;18;2
1448;52.31;3;35;23;3
1449;2.82;9;37;25;1
1450;43.35;6;36;18;2
1451;72.85;3;35;23;3
1452;4.88;9;37;25;1
1453;37.5;6;36;18;2
1454;92.6;3;35;23;3
1455;9.61;9;37;25;1
1456;42.11;6;36;18;2
1457;98.44;3;35;23;3
1458;10.37;9;37;25;1
1459;41.33;6;36;18;2
1460;98.44;3;35;23;3
1461;9.78;9;37;25;1
1462;49.74;6;36;18;2
1463;98.44;3;35;23;3
1464;8.75;9;37;25;1
1465;55.02;6;36;18;2
1466;98.44;3;35;23;3
1467;13.8;9;37;25;1
1468;53.54;6;36;18;2
1469;98.44;3;35;23;3
1470;19.76;9;37;25;1
1471;45.1;6;36;18;2
1472;98.44;3;35;23;3
1473;27.64;9;37;25;1
1474;40.22;6;36;18;2
1475;98.44;3;35;23;3
1476;31.4;9;37;28;1
1477;30.45;6;36;18;2
1478;98.44;3;35;23;3
1479;31.7;10;38;28;1
1480;23.91;5;37;21;2
1481;98.16;3;35;23;3
1482;30.0;10;38;28;1
1483;14.16;5;37;21;2
1484;96.65;3;35;23;3
1485;13.05;10;38;28;1
1486;6.33;5;37;21;2
1487;93.3;3;35;23;3
1488;1.22;10;38;28;1
1489;0.68;5;37;21;2
1490;86.6;3;35;23;3
1491;1.82;10;38;28;1
1492;0.35;5;37;21;2
1493;73.2;3;35;23;3
1494;3.55;10;38;28;1
1495;0.49;5;37;21;2
1496;46.41;3;35;23;3
1497;6.5;10;38;28;1
1498;1.21;5;37;21;2
1499;10.83;4;36;25;3
1500;10.85;10;38;28;1
1501;2.45;5;37;21;2
1502;0.34;4;36;25;3
1503;11.37;10;38;28;1
1504;4.93;5;37;21;2
1505;0.65;4;36;25;3
1506;8.21;10;38;28;1
1507;9.71;5;37;21;2
1508;1.35;4;36;25;3
1509;6.22;10;38;28;1
1510;20.04;5;37;21;2
1511;3.15;4;36;25;3
1512;4.15;10;38;28;1
1513;33.13;5;37;21;2
1514;7.06;4;36;25;3
1515;8.1;10;38;28;1
1516;40.0;5;37;21;2
1517;14.8;4;36;25;3
1518;6.3;10;38;28;1
1519;40.79;5;37;21;2
1520;30.02;4;36;25;3
1521;2.44;10;38;28;1
1522;42.68;5;37;21;2
1523;41.96;4;36;25;3
1524;0.65;10;38;28;1
1525;45.82;5;37;21;2
1526;60.09;4;36;25;3
1527;1.03;10;38;28;1
1528;52.7;5;37;21;2
1529;71.88;4;36;25;3
1530;1.98;10;38;28;1
1531;64.85;5;37;21;2
1532;74.82;4;36;25;3
1533;3.74;10;38;28;1
1534;70.64;5;37;21;2
1535;76.11;4;36;25;3
1536;7.22;10;38;28;1
1537;78.62;5;37;21;2
1538;78.38;4;36;25;3
1539;12.55;10;38;28;1
1540;75.78;5;37;21;2
1541;82.54;4;36;25;3
1542;14.73;10;38;28;1
1543;71.5;5;37;21;2
1544;90.72;4;36;25;3
1545;16.09;10;38;28;1
1546;62.63;5;37;21;2
1547;88.59;4;36;25;3
1548;17.64;10;38;28;1
1549;58.18;5;37;21;2
1550;77.57;4;36;25;3
1551;17.69;10;38;28;1
1552;56.33;5;37;21;2
1553;61.79;4;36;25;3
1554;20.49;10;38;28;1
1555;52.46;5;37;21;2
1556;48.87;4;36;25;3
1557;21.59;10;38;28;1
1558;44.93;5;37;21;2
1559;32.25;4;36;25;3
1560;22.03;11;39;28;1
1561;30.18;5;37;27;2
1562;23.5;4;37;21;3
1563;16.06;11;39;28;1
1564;20.08;5;38;27;2
1565;21.25;4;37;21;3
1566;9.12;11;39;28;1
1567;7.57;5;38;27;2
1568;17.5;4;37;21;3
1569;4.89;11;39;28;1
1570;4.15;5;38;27;2
1571;9.79;4;37;21;3
1572;2.83;11;39;28;1
1573;7.91;5;38;27;2
1574;0.58;4;37;21;3
1575;5.44;11;39;28;1
1576;15.73;5;38;27;2
1577;0.73;4;37;21;3
1578;1.79;11;39;28;1
1579;11.38;5;38;27;2
1580;1.59;4;37;21;3
1581;3.64;11;39;28;1
1582;2.69;5;38;27;2
1583;3.34;4;37;21;3
1584;6.97;11;39;28;1
1585;5.12;5;38;27;2
1586;6.71;4;37;21;3
1587;10.58;11;39;28;1
1588;10.47;5;38;27;2
1589;11.71;4;37;21;3
1590;12.04;11;39;28;1
1591;20.97;5;38;27;2
1592;23.45;4;37;21;3
1593;13.22;11;39;28;1
1594;22.55;5;38;27;2
1595;27.69;4;37;21;3
1596;8.65;11;39;28;1
1597;25.85;5;38;27;2
1598;31.16;4;37;21;3
1599;8.16;11;39;28;1
1600;32.59;5;38;27;2
1601;37.62;4;37;21;3
1602;7.02;11;39;28;1
1603;44.35;5;38;27;2
1604;41.76;4;37;21;3
1605;8.24;11;39;28;1
1606;49.69;5;38;27;2
1607;50.2;4;37;21;3
1608;7.13;11;39;28;1
1609;59.73;5;38;27;2
1610;51.46;4;37;21;3
1611;4.79;11;39;28;1
1612;67.82;5;38;27;2
1613;53.57;4;37;21;3
1614;8.01;11;39;28;1
1615;76.19;5;38;27;2
1616;58.05;4;37;21;3
1617;7.61;11;39;28;1
1618;70.72;5;38;27;2
1619;66.77;4;37;21;3
1620;5.87;11;39;28;1
1621;67.38;5;38;27;2
1622;68.58;4;37;21;3
1623;4.86;11;39;28;1
1624;59.91;5;38;27;2
1625;62.94;4;37;21;3
1626;9.78;11;39;28;1
1627;59.48;5;38;27;2
1628;58.41;4;37;21;3
1629;14.28;11;39;28;1
1630;58.11;5;38;27;2
1631;59.61;4;37;21;3
1632;19.18;11;39;28;1
1633;56.34;5;38;27;2
1634;61.92;4;37;21;3
1635;17.85;11;39;28;1
1636;53.0;5;38;27;2
1637;49.23;4;37;21;3
1638;17.33;11;39;28;1
1639;45.71;5;38;27;2
1640;47.86;4;37;21;3
1641;15.71;11;39;28;1
1642;31.46;5;38;27;2
1643;45.88;4;37;21;3
1644;16.42;11;39;28;1
1645;20.92;5;38;27;2
1646;42.11;4;37;21;3
1647;15.49;11;39;28;1
1648;18.63;5;38;27;2
1649;34.23;4;37;21;3
1650;14.34;11;40;30;1
1651;17.07;5;38;27;2
1652;23.45;4;37;21;3
1653;9.32;12;40;30;1
1654;13.74;5;39;29;2
1655;21.91;5;38;30;3
1656;1.56;12;40;30;1
1657;7.5;5;39;29;2
1658;18.58;5;38;30;3
1659;0.3;12;40;30;1
1660;0.2;5;39;29;2
1661;11.66;5;38;30;3
1662;0.42;12;40;30;1
1663;0.22;5;39;29;2
1664;0.39;5;38;30;3
1665;0.52;12;40;30;1
1666;0.4;5;39;29;2
1667;0.6;5;38;30;3
1668;0.86;12;40;30;1
1669;1.1;5;39;29;2
1670;1.52;5;38;30;3
1671;1.63;12;40;30;1
1672;2.83;5;39;29;2
1673;3.14;5;38;30;3
1674;3.24;12;40;30;1
1675;5.5;5;39;29;2
1676;6.18;5;38;30;3
1677;6.23;12;40;30;1
1678;11.43;5;39;29;2
1679;12.58;5;38;30;3
1680;6.95;12;40;30;1
1681;22.69;5;39;29;2
1682;21.6;5;38;30;3
1683;5.52;12;40;30;1
1684;35.62;5;39;29;2
1685;23.63;5;38;30;3
1686;6.11;12;40;30;1
1687;39.98;5;39;29;2
1688;27.68;5;38;30;3
1689;6.7;12;40;30;1
1690;40.94;5;39;29;2
1691;36.0;5;38;30;3
1692;4.41;12;40;30;1
1693;42.74;5;39;29;2
1694;41.34;5;38;30;3
1695;3.4;12;40;30;1
1696;46.33;5;39;29;2
1697;43.69;5;38;30;3
1698;6.66;12;40;30;1
1699;53.63;5;39;29;2
1700;47.41;5;38;30;3
1701;6.13;12;40;30;1
1702;67.27;5;39;29;2
1703;42.02;5;38;30;3
1704;3.19;12;40;30;1
1705;75.33;5;39;29;2
1706;44.47;5;38;30;3
1707;2.55;12;40;30;1
1708;75.6;5;39;29;2
1709;49.17;5;38;30;3
1710;4.86;12;40;30;1
1711;71.94;5;39;29;2
1712;51.76;5;38;30;3
1713;9.56;12;40;30;1
1714;64.62;5;39;29;2
1715;38.88;5;38;30;3
1716;13.17;12;40;30;1
1717;68.57;5;39;29;2
1718;38.07;5;38;30;3
1719;12.02;12;40;30;1
1720;60.6;5;39;29;2
1721;38.25;5;38;30;3
1722;12.22;12;40;30;1
1723;58.25;5;39;29;2
1724;36.62;5;38;30;3
1725;13.84;12;40;30;1
1726;56.81;5;39;29;2
1727;33.57;5;38;30;3
1728;17.01;12;40;30;1
1729;53.94;5;39;29;2
1730;27.17;5;38;30;3
1731;18.06;12;40;30;1
1732;48.0;5;39;29;2
1733;19.15;5;38;26;3
1734;16.89;12;40;30;1
1735;36.1;5;39;29;2
1736;17.89;5;38;26;3
1737;16.63;12;40;30;1
1738;30.2;5;39;29;2
1739;15.59;5;38;26;3
1740;17.01;12;40;30;1
1741;18.99;5;39;29;2
1742;10.99;5;39;26;3
1743;13.6;12;40;30;1
1744;17.59;6;40;29;2
1745;1.46;5;39;26;3
1746;5.95;12;40;30;1
1747;14.99;6;40;29;2
1748;0.64;5;39;26;3
1749;0.0;12;0;0;1
1750;9.6;6;40;29;2
1751;1.45;5;39;26;3
1752;0.0;12;0;0;1
1753;0.41;6;40;29;2
1754;3.28;5;39;26;3
1755;0.0;12;0;0;1
1756;0.89;6;40;29;2
1757;6.8;5;39;26;3
1758;0.0;12;0;0;1
1759;2.27;6;40;29;2
1760;13.82;5;39;26;3
1761;0.0;12;0;0;1
1762;4.73;6;40;29;2
1763;23.83;5;39;26;3
1764;0.0;12;0;0;1
1765;9.49;6;40;29;2
1766;28.21;5;39;26;3
1767;0.0;12;0;0;1
1768;18.68;6;40;29;2
1769;33.51;5;39;26;3
1770;0.0;12;0;0;1
1771;24.38;6;40;29;2
1772;44.13;5;39;26;3
1773;0.0;12;0;0;1
1774;32.12;6;40;29;2
1775;49.32;5;39;26;3
1776;0.0;12;0;0;1
1777;33.28;6;40;29;2
1778;59.44;5;39;26;3
1779;0.0;12;0;0;1
1780;33.32;6;40;29;2
1781;69.23;5;39;26;3
1782;0.0;12;0;0;1
1783;33.65;6;40;29;2
1784;79.37;5;39;26;3
1785;0.0;12;0;0;1
1786;34.42;6;40;29;2
1787;76.58;5;39;26;3
1788;0.0;12;0;0;1
1789;36.39;6;40;29;2
1790;69.06;5;39;26;3
1791;0.0;12;0;0;1
1792;39.98;6;40;29;2
1793;58.03;5;39;26;3
1794;0.0;12;0;0;1
1795;46.3;6;40;29;2
1796;52.47;5;39;26;3
1797;0.0;9;0;0;1
1798;55.22;6;40;29;2
1799;44.75;5;39;18;3
1800;0.0;8;0;0;1
1801;56.29;6;40;29;2
1802;30.71;5;39;18;3
1803;0.0;8;0;0;1
1804;62.58;6;40;29;2
1805;21.21;5;39;18;3
1806;0.0;8;0;0;1
1807;58.75;6;40;29;2
1808;10.43;5;39;18;3
1809;0.0;5;0;0;1
1810;50.94;6;40;29;2
1811;0.47;5;39;18;3
1812;0.0;1;0;0;1
1813;37.8;6;40;29;2
1814;0.33;5;39;18;3
1815;0.0;1;0;0;1
1816;25.44;6;40;29;2
1817;0.26;5;39;18;3
1818;0.0;0;0;0;1
1819;0.0;6;0;0;2
1820;0.21;6;40;18;3
1821;0.0;0;0;0;1
1822;0.0;6;0;0;2
1823;0.52;6;40;18;3
1824;0.0;0;0;0;1
1825;0.0;6;0;0;2
1826;1.18;6;40;18;3
1827;0.0;0;0;0;1
1828;0.0;6;0;0;2
1829;2.28;6;40;18;3
1830;0.0;0;0;0;1
1831;0.0;6;0;0;2
1832;5.11;6;40;18;3
1833;0.0;0;0;0;1
1834;0.0;6;0;0;2
1835;11.02;6;40;18;3
1836;0.0;0;0;0;1
1837;0.0;6;0;0;2
1838;17.3;6;40;18;3
1839;0.0;0;0;0;1
1840;0.0;6;0;0;2
1841;29.66;6;40;18;3
1842;0.0;0;0;0;1
1843;0.0;6;0;0;2
1844;38.86;6;40;18;3
1845;0.0;0;0;0;1
1846;0.0;6;0;0;2
1847;45.09;6;40;18;3
1848;0.0;0;0;0;1
1849;0.0;6;0;0;2
1850;56.06;6;40;18;3
1851;0.0;0;0;0;1
1852;0.0;6;0;0;2
1853;62.3;6;40;18;3
1854;0.0;0;0;0;1
1855;0.0;6;0;0;2
1856;66.2;6;40;18;3
1857;0.0;0;0;0;1
1858;0.0;6;0;0;2
1859;64.73;6;40;18;3
1860;0.0;0;0;0;1
1861;0.0;6;0;0;2
1862;52.4;6;40;18;3
1863;0.0;0;0;0;1
1864;0.0;6;0;0;2
1865;50.23;6;40;18;3
1866;0.0;0;0;0;1
1867;0.0;6;0;0;2
1868;44.31;6;40;18;3
1869;0.0;0;0;0;1
1870;0.0;6;0;0;2
1871;34.82;6;40;18;3
1872;0.0;0;0;0;1
1873;0.0;5;0;0;2
1874;20.37;6;40;18;3
1875;0.0;0;0;0;1
1876;0.0;5;0;0;2
1877;19.26;6;40;18;3
1878;0.0;0;0;0;1
1879;0.0;5;0;0;2
1880;21.36;6;40;18;3
1881;0.0;0;0;0;1
1882;0.0;5;0;0;2
1883;25.89;6;40;18;3
1884;0.0;0;0;0;1
1885;0.0;1;0;0;2
1886;18.11;6;40;18;3
1887;0.0;0;0;0;1
1888;0.0;1;0;0;2
1889;0.0;6;0;0;3
1890;0.0;0;0;0;1
1891;0.0;0;0;0;2
1892;0.0;6;0;0;3
1893;0.0;0;0;0;1
1894;0.0;0;0;0;2
1895;0.0;6;0;0;3
1896;0.0;0;0;0;1
1897;0.0;0;0;0;2
1898;0.0;6;0;0;3
1899;0.0;0;0;0;1
1900;0.0;0;0;0;2
1901;0.0;5;0;0;3
1902;0.0;0;0;0;1
1903;0.0;0;0;0;2
1904;0.0;0;0;0;3
1905;0.0;0;0;0;1
1906;0.0;0;0;0;2
1907;0.0;0;0;0;3
1908;0.0;0;0;0;1
1909;0.0;0;0;0;2
1910;0.0;0;0;0;3
1911;0.0;0;0;0;1
1912;0.0;0;0;0;2
1913;0.0;0;0;0;3
1914;0.0;0;0;0;1
1915;0.0;0;0;0;2
1916;0.0;0;0;0;3
1917;0.0;0;0;0;1
1918;0.0;0;0;0;2
1919;0.0;0;0;0;3
1920;0.0;0;0;0;1
1921;0.0;0;0;0;2
1922;0.0;0;0;0;3
1923;0.0;0;0;0;1
1924;0.0;0;0;0;2
1925;0.0;0;0;0;3
1926;0.0;0;0;0;1
1927;0.0;0;0;0;2
1928;0.0;0;0;0;3
1929;0.0;0;0;0;1
1930;0.0;0;0;0;2
1931;0.0;0;0;0;3
1932;0.0;0;0;0;1
1933;0.0;0;0;0;2
1934;0.0;0;0;0;3
1935;0.0;0;0;0;1
1936;0.0;0;0;0;2
1937;0.0;0;0;0;3
1938;0.0;0;0;0;1
1939;0.0;0;0;0;2
1940;0.0;0;0;0;3
1941;0.0;0;0;0;1
1942;0.0;0;0;0;2
1943;0.0;0;0;0;3
1944;0.0;0;0;0;1
1945;0.0;0;0;0;2
1946;0.0;0;0;0;3
1947;0.0;0;0;0;1
1948;0.0;0;0;0;2
1949;0.0;0;0;0;3
1950;0.0;0;0;0;1
1951;0.0;0;0;0;2
1952;0.0;0;0;0;3
1953;0.0;0;0;0;1
1954;0.0;0;0;0;2
1955;0.0;0;0;0;3
1956;0.0;0;0;0;1
1957;0.0;0;0;0;2
1958;0.0;0;0;0;3
1959;0.0;0;0;0;1
1960;0.0;0;0;0;2
1961;0.0;0;0;0;3
1962;0.0;0;0;0;1
1963;0.0;0;0;0;2
1964;0.0;0;0;0;3
